serial_number|id
2619119040002|1
2619119040009|2
2619119040010|3
2619119040012|4
2619119040013|5
2619119070016|6
2619119070019|7
2619119070021|8
2619119070025|9
2619119070030|10
2619119080033|11
2619119080034|12
2619119080035|13
2619119080036|14
2619119080037|15
2619119080038|16
2619119080039|17
2619119080040|18
2619119090042|19
2619119090043|20
2619119090044|21
2619119090045|22
2619119090046|23
2619119090047|24
2619119100049|25
2619119100050|26
2619119100051|27
2619119100052|28
2619119100053|29
2619119100054|30
2619119100056|31
2619119110058|32
2619119110059|33
2619119110060|34
2619119110061|35
2619119110062|36
2619119110063|37
2619119110064|38
2619119110065|39
2619119110066|40
2619119110069|41
2619119110070|42
2619119110071|43
2619119110072|44
2619119110074|45
2619119110078|46
2619119110079|47
2619119110081|48
2619119110084|49
2619119110085|50
2619119110088|51
2619119110089|52
2619119110090|53
2619119110091|54
2619119110092|55
2619119110093|56
2619119110094|57
2619119110095|58
2619119110096|59
2619120010097|60
2619120010098|61
2619120010099|62
2619120010100|63
2619120010101|64
2619120010102|65
2619120010103|66
2619120020105|67
2619120020106|68
2619120020107|69
2619120020108|70
2619120020109|71
2619120020110|72
2619120020111|73
2619120020112|74
2619120030113|75
2619120030114|76
2619120030115|77
2619120030116|78
2619120030117|79
2619120070118|80
2619120070119|81
2619120070120|82
2619120070121|83
2619120070124|84
2619120070126|85
2619120070127|86
2619120070129|87
2619120080130|88
2619120080131|89
2619120080132|90
2619120080133|91
2619120080134|92
2619120080135|93
2619120080137|94
2619120080139|95
2619120080140|96
2619120080141|97
2619120080142|98
2619120080144|99
2619120080149|100
2619120090162|101
2619120090163|102
2619120090164|103
2619120090165|104
2619120090166|105
2619120090167|106
2619120090170|107
2619120090172|108
2619120090173|109
2619120090174|110
2619120090176|111
2619120090177|112
2619120090179|113
2619120090180|114
2619120090181|115
2619120090182|116
2619120090183|117
2619120090185|118
2619120090186|119
2619120090187|120
2619120090188|121
2619120090189|122
2619120090190|123
2619120090191|124
2619120090192|125
2619120090196|126
2619120090200|127
2619120100202|128
2619120100204|129
2619120100205|130
2619120100208|131
2619120100209|132
2619120100213|133
2619120100217|134
2619120100218|135
2619120100220|136
2619120100221|137
2619120100226|138
2619120100227|139
2619120100228|140
2619120100229|141
2619120100232|142
2619120100233|143
2619120100234|144
2619120100235|145
2619120100236|146
2619120100238|147
2619120100239|148
2619120100240|149
2619120100241|150
2619120100244|151
2619120100245|152
2619120100246|153
2619120100247|154
2619120100257|155
2619120110263|156
2619120110267|157
2619120110268|158
2619120110270|159
2619120110271|160
2619120110272|161
2619120110273|162
2619120110274|163
2619120110277|164
2619120110278|165
2619120110279|166
2619120110280|167
2619120110282|168
2619120110283|169
2619120110284|170
2619120110285|171
2619120120286|172
2619120120287|173
2619120120289|174
2619120120291|175
2619120120293|176
2619120120295|177
2619120120299|178
2619120120300|179
2619121010311|180
2619121010323|181
2619121010325|182
2619121010326|183
2619121010337|184
2619121020343|185
2619121030368|186
2619121030373|187
VB15|188
VB20|189
